100
4 2
5 2
6 2
1000 1000
1000 1
366 330
739 671
615 580
461 379
500 127
2 1
767 696
402 312
990 743
1000 489
999 2
500 499
418 412
389 298
4 1
500 249
500 248
500 128
420 346
514 441
1000 128
973 729
823 648
999 488
1000 255
409 352
298 280
999 128
518 475
866 847
1000 512
999 512
352 283
872 809
999 500
403 306
5 1
500 116
944 834
832 757
845 674
500 500
500 2
254 232
500 100
981 738
999 497
999 255
999 256
571 527
500 245
3 2
500 117
503 467
1000 127
525 417
708 637
408 325
500 255
278 254
1000 999
1000 511
999 998
1000 492
999 385
479 394
3 1
1000 499
999 487
328 259
2 2
500 224
1 1
1000 500
826 811
999 511
500 1
593 490
999 498
999 999
962 912
1000 2
500 244
1000 473
805 626
999 1
999 499
1000 488
500 250
957 869
999 127
1000 256
500 251
500 256
1000 498
