100
4 2
5 2
6 2
1000 1000
1000 1
994191 964069
1000000 262143
846560 813165
999999 499997
999999 1
500000 128
698353 596920
286519 225420
999999 522884
907505 819371
1000000 475713
566988 528607
847611 696933
402367 359706
500000 250000
1000000 128
1000000 1000000
831986 663017
999999 262144
500000 499999
500000 249999
1000000 475712
843684 839787
878621 868726
494336 468396
999999 524287
1000000 1
999999 499998
2 2
1000000 499998
715232 664604
500000 1
356797 274347
999999 128
500000 131071
570182 493657
1000000 524287
1000000 490950
2 1
999999 999999
501302 463270
500000 131072
1000000 2
292941 252450
999999 524288
500000 262143
500000 237856
1000000 999999
999999 262143
305217 229903
949482 926293
999999 499999
470158 398631
500000 500000
696303 606437
1000000 524288
999999 406192
540306 499255
4 1
659851 584619
464159 447754
713810 688746
500000 245314
500000 249998
1000000 321436
1000000 127
5 1
500000 127
262254 215267
773050 709917
999999 127
1000000 499999
349431 265298
762398 686947
999999 475712
977858 790484
697887 580855
3 2
1000000 500000
978787 963281
387604 358349
357976 276939
500000 237857
742236 657777
512677 479772
500000 151430
500000 2
500000 262144
3 1
999999 2
650675 577835
999999 999998
1000000 262144
999999 475711
1 1
