100
4 2
5 2
6 2
1000 1000
1000 1
1000 500
1000 255
3 2
563 469
999 256
999 488
465 429
1000 999
892 732
1000 128
706 590
500 1
999 512
805 763
500 250
999 127
999 511
500 2
1000 496
4 1
680 674
771 739
594 451
500 245
1000 512
949 841
500 117
951 731
999 487
500 86
999 999
611 579
1000 2
1000 256
320 241
1000 498
769 585
1 1
500 244
500 128
1000 489
500 499
542 478
999 498
701 630
277 236
999 1
1000 511
500 256
390 377
999 499
259 245
595 538
2 2
1000 321
999 255
461 421
785 705
840 668
3 1
891 699
999 497
500 500
662 560
495 387
924 917
656 545
500 116
999 412
999 2
583 581
983 781
500 249
999 128
906 695
794 780
999 998
5 1
500 127
752 676
306 251
500 255
1000 488
879 795
500 248
770 604
424 324
359 330
963 909
656 525
1000 127
2 1
1000 499
500 151
866 707
